9498
15265
18658
8443
9963
8557
11963
8451
8437
8214
8298
9456
8998
9799
8896
14595
8902
10560
8859
11857
8578
8527
8058
12456
9163
8175
12762
8292
10466
11745
8454
8001
8181
9467
10166
8758
8775
10589
14955
9526
8880
8968
15944
8876
8295
12332
8899
9252
10133
8196
8090
12809
10434
8641
9045
8879
8640
10588
8762
8695
8958
9103
9810
9336
8501
8491
8659
8351
8830
8191
8785
8660
8623
8459
7985
8696
8901
14059
9716
9081
9747
10082
10559
9408
8996
8923
8422
9406
8597
8862
8732
8956
8944
9187
16787
8717
9189
9739
9029
12893
13956
10744
9973
7983
9292
8338
9395
8033
10574
9998
9180
8718
8069
10676
10420
8693
9159
9142
9056
8663
9256
17675
11370
11653
9534
9498
8069
11309
9550
8283
9323
9872
8089
10641
9869
13327
8921
8768
10121
8666
10529
10115
8295
9259
8410
10710
11309
9241
8487
9523
8179
9033
9984
15918
9065
11243
7944
9021
8935
8925
19777
8970
15033
8096
8522
8272
8870
8714
8426
8927
8479
8865
8593
8552
9195
14920
10159
9055
9109
8725
8361
8700
10151
10508
14657
8046
8868
14324
8965
10414
8428
8041
11076
8967
10682
8126
13026
8810
7913
8938
8699
8804
8186
7967
9229
11683
19079
10495
16400
9154
8458
10577
9234
9162
9300
9387
10663
8072
9879
9697
8220
8186
9338
8126
10039
10492
8257
8778
8667
8535
8164
8278
10287
8983
10544
8008
9418
9641
8398
8927
9720
8438
9570
10237
8198
8318
8653
8348
9114
10381
9384
8877
9226
8104
10087
8302
8809
9307
12531
15839
8579
10218
9989
9454
15285
9633
9177
8631
8798
8874
9180
8036
9155
9210
8663
8865
12027
9350
8398
8230
8675
10490
10491
8909
9456
9248
9021
9342
9381
10221
8641
9025
10483
8574
8621
9351
8914
11717
10093
9552
8558
10169
8687
8844
8433
8405
10929
10465
11915
8026
8973
8600
8736
8433
11033
9365
10045
10800
8715
8771
12051
9246
9115
8457
8612
8356
8540
8262
9273
16400
9004
11062
9300
9186
10850
10519
9625
8522
8090
8511
10629
8440
9883
8260
15797
11295
8746
9784
10717
8204
9187
11304
13900
8962
9634
9776
8687
11402
9275
8518
8047
19787
8735
10542
8639
8189
13730
9636
8139
9418
13533
12867
8269
9211
14976
9086
9450
8659
10567
13496
11098
10085
9290
9037
8828
8505
9566
9251
9665
9074
8714
9230
9700
9092
9581
9027
11312
17800
8258
9072
8233
8668
15948
9798
8741
12286
13796
8924
16410
8448
8046
10929
9766
9992
10446
11088
8668
11430
8943
19836
8048
22184
13278
10130
10066
9067
8811
14040
9676
9931
8941
9078
8905
10031
9500
8720
8180
9485
9739
12293
9234
8995
9510
9462
16070
11848
9519
11727
8132
8391
10795
9621
9663
8987
16538
9319
9576
9115
9398
8836
10386
8092
9647
9700
10208
9308
10236
9300
8805
13002
20032
8884
10167
9887
9322
11862
10926
8657
9123
12585
9590
8995
8740
9200
9138
8283
12768
8947
8292
8800
9100
8941
8235
9936
8439
9077
8162
9424
8807
12908
8126
17042
8812
10073
9695
13588
16857
9693
9318
9306
12820
8581
9475
10307
9202
8490
20262
14652
9609
14581
9297
9826
10291
9364
11759
9477
9693
8913
8290
8992
17839
8784
10011
9543
10482
9028
9065
12275
8952
13401
9150
8777
9124
8078
15819
9753
8906
15045
8751
8706
13151
8685
8775
18614
13500
8688
9134
10194
9083
9477
8947
8204
13173
8802
8527
9530
9446
8433
9959
9191
8359
8014
9192
21867
8718
9492
8584
9083
8641
13010
9408
11190
9604
8466
9691
8699
11440
9472
10555
9505
10289
10388
8755
10680
9125
10295
8068
8533
9387
8477
11396
16922
8157
9896
8437
12138
8500
12811
10716
9217
8872
9053
9257
8898
12441
8954
9535
10424
8815
16690
9075
9995
9397
8197
9239
10359
21434
19012
13336
11903
9155
8349
10070
9927
8959
10377
8894
8534
13482
9731
12224
8945
21863
16374
9318
11295
9354
11703
8724
8829
9018
9390
9950
8892
8989
8954
8779
15805
8980
9394
10178
21436
10979
9493
11796
8668
9197
10267
9990
10695
8625
10639
9912
19676
9598
9783
9416
9367
9103
9798
9930
8117
9218
9900
9146
9128
8562
18781
9717
8848
9105
9184
8841
22291
8980
8187
9712
20407
9717
9767
8318
9438
17492
11535
9879
12420
8820
8536
8771
11146
11749
8885
9295
8334
9327
9160
9236
9895
8845
9040
16841
9007
9225
8995
9410
8954
8916
10746
8478
11147
16861
9033
9296
17453
10030
8927
9107
9739
9341
9634
10084
9255
9692
10283
9057
9644
8857
18140
8558
9170
8250
14658
8736
8887
8731
8338
8708
8993
8856
17390
8500
9130
9555
10904
9074
9622
8748
9369
10953
8980
15496
10040
8798
9038
9365
9073
8847
9087
8556
10371
9578
9003
9127
8684
8597
13976
9872
9367
9391
9231
9297
8112
8914
9190
9636
9356
8787
14439
9393
8649
9254
10975
10229
9139
8781
9155
8280
16883
9587
9963
8918
12990
9554
9029
8692
10625
9723
9691
9983
8927
10342
9163
8916
9247
8501
8680
8840
8769
9227
8316
9644
8350
10455
14416
8903
8494
10546
10697
9037
9390
9194
9769
9142
18685
8736
8539
9456
8561
9176
9027
11010
8950
9083
9016
8887
18286
9234
8415
15161
9052
17297
8686
11160
9639
10529
8741
9076
9322
9173
13616
11996
9144
11966
9381
16889
10632
8583
10541
9667
9006
10451
16027
8064
9847
15922
12410
8858
9906
8710
8952
9236
9029
8974
9252
8964
10787
8238
9224
8296
9131
9406
8142
9223
9032
9443
10052
9569
10358
15125
8745
8879
9011
8730
13114
10080
9331
8929
8763
10226
8931
8705
9303
8608
9483
10038
8807
10321
8345
8797
8821
9768
8606
8392
8809
9045
9018
8543
9075
9033
8470
9619
9569
8999
9458
8991
10259
9223
9002
9163
17511
16206
9932
10666
14723
9877
8988
12930
15918
20303
13080
8809
14448
9066
10771
10741
9547
9551
8910
9394
9451
9898
9573
8494
8964
8363
11070
10364
9949
9167
10307
8057
9298
9937
9202
19060
8629
9166
10395
12138
13215
8733
9939
9472
9082
9164
8517
9119
9503
8782
9060
9343
9637
8965
9808
9280
8206
8990
8144
9087
8196
17637
10489
14439
8714
8931
8901
10264
19039
9237
8820
9005
9107
12159
9448
19837
9354
9355
8638
9281
10367
9262
10888
10442
9316
8925
10078
8909
9272
8864
8856
12687
8819
9419
8682
8851
8794
10142
10152
8100
9321
16186
9879
9327
8352
11563
9292
9625
10442
10305
9050
8863
9162
9133
9488
8825
9289
8230
9066
9135
9026
9051
12399
9501
10428
9073
8981
10516
17261
8783
8804
8668
9035
9207
8808
8551
14120
8696
9479
8889
8852
8489
16828
11234
9812
8929
9138
10337
10384
12043
13475
8935
8912
16689
9162
8365
11224
9419
9253
14955
17932
9224
9489
9996
10890
10298
19739
10201
12184
8806
9118
19690
8690
9826
11099
10683
9090
8972
10657
9705
8866
11305
9238
11594
9702
8692
8454
10003
10975
9655
10218
21543
9687
9044
10091
14867
8968
10222
12080
11547
8764
8723
10705
9770
8626
18541
10826
11359
8823
9279
10144
10379
12830
8804
8848
10236
8574
14841
8844
10567
18315
9089
9127
10058
9725
9377
9973
12128
9081
9514
11511
9167
8805
10113
11031
9598
9491
9758
8521
11493
9921
10552
9378
10374
8995
11586
11689
9120
13577
13715
9932
10629
10231
10773
9637
8853
10825
10183
9398
8727
10116
9701
9385
9643
8968
9675
15641
10468
9367
10655
9248
9550
8399
10394
9152
9920
9751
9909
8857
9614
8639
10255
8466
9266
11388
9679
8964
8596
8962
9460
9825
12131
9944
11099
11360
8895
9928
8962
10728
9792
10505
11849
9233
17291
9461
12837
16477
10519
9096
12046
11642
9405
8519
10185
17386
8565
11301
9978
9531
9536
9113
8746
8619
8612
11453
8812
9892
11325
9444
7846
9018
13002
11598
14714
10264
9156
11570
11808
8942
11297
8550
8193
9731
8931
11646
9399
8877
11632
10322
8865
8586
11786
10716
10070
9208
10231
9240
11726
10397
8908
12988
13619
8875
8859
8936
13327
8521
9254
17573
10256
9078
9007
12185
20813
8544
9998
8979
8495
8733
9557
9763
17525
12212
8605
11307
8620
8825
10232
10066
9408
9068
16207
10298
12070
10702
9962
9789
8492
10576
9913
9837
11341
11174
10662
10489
8306
8844
16288
19293
8822
8543
8968
9983
8871
9847
10171
12207
14726
17158
9338
14285
8823
9817
13742
13094
12559
8336
10365
17937
11156
8922
8879
11864
20547
8890
10133
8682
8989
9468
8974
9219
9522
8698
9692
9102
11325
11443
9234
10841
8730
8628
11806
9702
8750
8797
8572
12111
11419
13396
9201
9680
8861
10072
11226
9856
9938
9782
16049
8791
8485
8534
9246
14513
8745
8800
14614
8480
9729
9826
8658
12442
8651
9278
8608
8522
8846
10142
8815
8716
9206
10790
8509
8741
10107
12032
9425
9467
8094
10688
9190
10740
9195
7797
10467
12132
8961
12215
11155
9470
12808
8219
9158
7925
9134
10059
9301
8232
10651
8126
9769
8231
8963
8190
10157
8101
12351
10562
9872
9763
8304
13052
9958
9746
10669
8576
10729
14982
8006
13524
10285
7974
9421
13520
8685
9998
9258
8876
8834
10342
9898
8945
7987
9489
10400
8643
13040
10175
14446
18730
19070
11293
9278
8836
13928
9552
14208
9982
10209
9366
8025
10463
9191
8103
10122
14253
11422
10695
15342
9600
8879
10083
9274
10508
8530
8030
9173
10287
11141
8909
8058
9601
9143
12719
10451
9531
9574
10407
11352
12923
9277
9745
8975
9882
9266
10209
13281
8418
8253
10046
9255
9780
9406
9773
10339
9248
13253
9820
8237
16694
9887
9389
11091
8039
8324
8352
19023
18425
9420
8673
11678
10172
9136
8488
11291
10776
10195
8842
9684
16208
8167
22250
8213
9092
19767
8592
11214
8582
10087
10362
16977
9787
10826
18208
10114
13660
13704
11912
14516
9797
9543
11613
9736
10020
10422
9286
7938
8673
13976
8805
12325
9841
9453
14323
12741
8351
8890
13164
11430
10229
9342
9517
9452
9848
15708
9765
9072
10473
8664
8785
9247
10259
9033
14736
13062
9802
8611
10593
17039
9475
8782
9800
9946
8729
9136
10775
7969
8895
20509
10263
12274
14987
12253
12891
14649
9207
8576
10478
9721
9005
8156
8726
9378
8666
10974
9701
13463
10139
13395
14676
8649
12893
9910
10041
14490
8961
12537
11235
10059
10238
7995
8636
8720
9113
12849
19095
8528
13791
9760
9500
10873
9152
8904
8040
9645
8025
9384
9772
9607
8040
8535
8165
11772
14226
22377
10152
8207
10893
8533
9863
8003
15174
9463
9973
13746
10038
19742
8717
9132
9749
11407
8037
9645
9819
20184
10423
8430
13687
8783
8444
9614
10398
14732
11607
10072
9250
9752
15115
9480
9944
7935
9335
8937
10299
9209
9499
8463
9743
7903
11495
15748
17178
10459
8119
8497
8486
11363
13064
13128
9689
8544
9302
16665
11389
9489
8231
9224
8617
11296
8295
9289
15726
10609
9390
8938
9002
9082
9091
13260
10326
11670
13290
10037
11702
10845
8021
10024
13226
10982
8538
9032
10265
10406
8651
8726
8870
9503
8986
21742
8664
14770
8718
9773
10424
17846
9497
9327
10226
13585
9846
8800
9077
12291
10121
9870
9098
10163
10948
7928
10549
10261
12464
8432
9590
16805
8636
10907
8033
8958
9558
9746
9576
8776
9195
10544
9006
9340
9453
9977
11148
8685
8552
9462
17567
9546
10049
20370
9414
8990
9080
9669
8809
8981
9238
9635
8637
8888
10161
8834
10235
15100
8127
9031
10062
17800
8787
9137
8986
9360
10270
9550
8942
9330
10204
10148
9836
11383
14266
15535
9203
9050
9586
8823
10366
9803
14621
9011
10896
9439
12423
14857
9575
12502
9873
7977
10192
10766
8349
9431
10374
10923
9506
8745
14740
9804
11602
21379
8648
9357
10089
10655
9211
8702
9255
8859
9965
9125
13592
9585
9737
9097
9104
8827
8413
10346
9073
14253
9985
8892
8670
10178
9017
10049
9423
8403
14437
8985
16378
8625
10207
9896
9980
14567
14064
9323
21715
8713
9788
8815
9833
8636
9761
21410
9012
17899
8698
14665
9809
10079
9571
9239
8638
9565
9065
8471
9159
9976
10064
15019
9316
12456
9896
9801
8959
8483
8660
13961
10093
8824
17415
9900
9557
16414
15684
9312
14965
9740
18311
10298
9355
9808
8696
10799
8786
14778
9472
8683
8152
9972
11117
19056
8760
9293
10537
9541
9486
22099
9207
10927
9796
9953
9987
8696
9385
9944
8694
9970
9328
13815
9063
9126
16513
9863
9234
9542
8756
9833
14312
9324
8880
8864
9462
8896
10919
10406
10068
9962
10034
9123
9542
9550
8649
10640
9998
8773
8863
8304
12379
8903
9272
9485
9273
13999
16332
13358
9089
14591
10809
8875
10390
8584
9390
9398
11045
8623
9212
9133
17081
9493
9976
9755
9730
9111
8531
11363
8562
12407
9599
9929
12400
8735
10796
17021
8724
8710
8626
8660
13276
9916
8734
9061
10246
9964
14992
9738
10057
9222
9059
8594
8939
8684
9356
10829
9834
8936
8709
22418
13356
11085
8396
18446
9123
8569
9762
10781
8911
16585
8528
9251
18815
11153
8567
9360
11600
9025
8882
9173
9439
9305
16210
9876
8992
8452
14208
9365
11008
9457
8986
9699
8760
9164
9967
9242
10526
9084
8708
8893
9908
9029
9374
9113
9835
9462
9412
20869
15962
21008
9761
8728
17662
9982
21034
8895
20895
14950
13548
14706
8816
8630
10838
9113
8785
8863
10054
13907
9945
9197
10074
16173
13607
9507
9381
11735
9021
9536
9049
8926
9771
14709
9667
9665
14648
9398
19015
8945
8791
8875
10835
9787
9052
14136
9821
21861
11790
9899
9462
9217
9182
13235
8888
11052
9839
16950
18476
8839
10368
9026
9670
11913
14127
11875
9904
9949
20943
14573
8733
9925
9282
8896
9217
10051
14581
10045
8469
9480
10702
8840
9884
8938
9323
15424
10383
10611
14725
10039
9709
10040
9810
10512
8809
12848
9614
8714
9445
13620
21825
10409
9938
9691
8802
9442
12943
9796
9544
9661
12258
8961
10981
8755
9900
13205
11083
8829
21975
11620
8888
10313
14677
9534
8752
8729
16187
9085
8697
8824
8896
8992
9550
12770
9328
15492
10371
10293
14648
9630
20975
9843
9447
10851
14053
15417
9874
9453
8628
9767
10305
9824
15358
9227
11121
8850
9670
19600
9706
9899
11041
16347
8725
9624
9926
14853
17441
17408
9076
8708
13850
10104
8623
9606
15510
12200
9180
14998
10768
8932
21828
9054
19751
11981
15036
8934
9212
9907
8491
12985
8694
9673
10068
9120
8895
9705
11243
18424
9855
10245
9144
12496
12583
10066
10211
20050
9684
20319
8868
10855
9258
12308
8612
9575
9990
8562
10701
11944
8752
21308
10428
9004
18356
9424
10497
9112
10428
8628
10745
13465
20402
9081
9528
9007
13808
9526
8666
11388
8857
8902
21744
8720
10073
10620
8888
17739
10088
8757
9109
9959
15000
8708
9290
8905
12525
9607
9919
9467
8562
8844
9438
9280
22039
9303
9359
8896
9976
8824
10622
8923
9945
21536
9772
11794
9974
9985
9136
11171
21206
9923
14601
10014
9351
8969
9755
9431
9166
9243
12321
9542
9510
9835
10234
8931
8796
9560
9704
15347
8913
9847
14786
9746
9701
13794
8812
10267
8919
9297
8814
9418
9653
12223
11927
10087
9003
9746
18600
18906
10139
10296
19147
9079
18855
11632
16492
9999
9392
8852
9991
16288
15127
9094
9117
8832
10364
21744
9170
8989
9547
13314
10106
8743
8727
21383
9210
9013
10082
9046
11038
8777
11650
10506
9086
8357
10267
9171
15378
9378
19355
11389
8146
9026
9411
8139
8087
8742
13197
10121
8269
10126
9325
9025
12308
8014
8595
10764
9370
8722
8781
14572
8146
9331
8943
10819
8137
9153
9079
8000
8315
9017
14312
8621
8045
9280
8137
8974
9002
9145
8647
9853
12980
8140
8338
8199
9411
16350
12802
8457
10183
19537
9050
9329
9070
9439
8342
8815
8081
8271
9161
15125
9307
9006
15809
9526
9105
10020
9475
8144
8192
8813
12805
9253
11875
8929
9321
10394
9063
12148
8079
10517
11089
8628
9441
8185
13202
19052
11220
9431
8956
8086
8200
8987
12742
9215
9162
8835
12453
14365
8908
9954
8453
9493
10234
8916
10084
8271
7956
8900
9352
10409
9500
8935
7998
8321
16213
8999
8895
8210
9324
8725
22469
9058
12800
16086
8981
8099
8238
11476
12926
8340
8803
16385
11478
18647
9145
9346
13546
13404
9863
9204
8823
9436
12421
8702
9221
9114
8422
8252
9330
9541
8816
8984
8922
13188
14640
10372
20879
8881
12469
11534
8242
9153
9247
8535
12099
20516
8843
8053
8043
9308
7977
8800
16656
8531
7955
9693
8823
9752
9671
14338
7889
8670
17707
9066
9258
8713
9252
9107
8431
11502
8861
8460
9228
10101
8620
15400
10803
8007
8927
8141
19516
8334
9197
17160
8761
8685
9302
22115
8167
18521
9023
8119
8905
8082
8092
8178
12098
9402
8621
22415
9129
17732
8728
20076
9268
12540
8503
9275
9723
14207
8152
8807
18134
8776
8984
8922
9021
8035
7942
8829
8085
8904
8805
8273
8313
9179
11154
8400
10121
9308
10019
8822
8214
8203
8364
8199
16186
9194
8781
9332
9325
9918
8575
8618
9312
8565
9477
8164
8047
8080
17198
8344
9027
10126
9779
8401
20034
8412
8295
8218
22118
9324
11422
14269
13314
20352
13032
8869
10355
10078
8991
8672
9997
9650
12629
10309
11985
8661
15471
9010
10108
9318
17409
11621
9661
9255
18790
9195
8511
9245
21746
9063
7909
10532
8320
11906
11266
9177
9093
8169
9323
8953
9359
9302
8268
20187
11226
10913
12449
8875
10401
13571
14668
8748
8167
8055
12779
8800
9014
8630
22434
8361
8184
8299
9598
8341
8915
15182
9416
10479
9004
12028
9175
7951
14648
8183
8142
8038
8170
8175
9450
16059
15221
8707
9094
9494
8836
9504
9585
13450
9213
17435
9652
10477
9079
13665
9422
9724
10132
10516
8890
10477
12908
8945
8599
9947
17826
8787
8859
9402
9819
9488
14136
16163
9175
8542
9869
9168
9424
9417
10130
9106
8795
9421
8806
10081
15233
10782
9055
9246
8832
8974
9064
9465
10753
12281
8750
17423
9736
9348
9474
8788
10344
13968
9120
8593
9383
9586
8830
9183
8868
20011
19528
10306
8755
11011
8944
9614
9152
17831
9708
8903
10759
10766
8833
9099
10389
9231
15448
9660
8961
12600
9092
19303
12976
10377
9747
9153
10059
7694
9110
12679
10687
13400
10203
9805
9161
8648
10597
9025
8595
10041
9670
8673
10147
9607
9208
9011
9121
9824
9767
9253
9158
8960
9694
9091
10712
13247
12929
11982
9346
8838
9324
10569
9239
9317
8698
12577
11045
9973
11729
9343
11601
8841
18866
8688
11092
8877
8650
10151
9725
8668
9749
8947
9864
9999
14382
11396
10217
9557
13413
19608
8688
13472
10058
8465
12125
9276
11895
11372
9252
10663
10291
9794
12802
8957
11470
9404
11475
9491
8673
8808
9048
9138
8712
8897
9425
9325
9675
13940
8875
9224
8756
10336
12943
8893
8852
9388
8636
8783
8644
10569
8778
9575
8737
10351
9144
12933
17460
9336
10080
16331
8722
9200
14100
8450
8897
10818
18890
9550
9002
9668
11059
18821
9733
9360
8692
8729
8665
10195
8912
9631
10840
8820
8460
9335
13731
9000
15493
10423
9851
9513
11682
9671
16897
8493
10121
8772
22347
8534
9757
9322
15487
9618
9228
10288
16532
11500
8767
9851
8826
10205
9081
9760
8778
8893
8920
12733
9937
9555
12534
10100
9258
8678
14429
8782
17069
9656
12929
21762
14379
10079
9983
8942
9817
9933
8614
9560
10154
9776
9162
10227
9229
9561
10781
8757
8562
9925
15577
8778
9938
9524
8759
13700
19127
9048
10406
9970
8785
8777
8921
8586
8596
9282
9961
8733
9644
9417
10029
9389
8559
9426
9607
9840
11567
9993
9709
9199
10636
9230
9716
15950
17904
16229
11292
13159
8900
10397
10095
9384
10126
9874
8903
12724
9802
10040
10405
11754
15767
9944
10167
9468
9278
9518
10811
14571
9963
10356
9551
12593
9112
8938
8497
10435
9600
9714
10393
11641
10686
10356
9027
11147
9183
10608
14133
10884
10573
17762
9629
11420
17113
11895
8756
14185
17324
9881
8821
20155
9460
9260
9215
11186
12886
11225
21437
11172
9865
11973
8872
10058
13747
9714
9402
10949
9854
8961
15946
11200
9135
15446
9040
9435
11234
9329
8599
15756
11470
10388
9680
13141
9228
9340
14663
15571
10308
8750
8575
10017
9129
9503
9428
8582
10746
8618
8757
9162
9953
12376
9445
8750
8693
10885
9613
9400
13241
10007
10877
10621
10217
9270
11691
8410
10112
11113
11373
10962
9808
9416
17086
10640
9086
10139
11258
10932
9476
9125
9325
9892
9059
11079
8658
8903
9024
9858
11186
9789
10648
17303
8893
14402
9031
8885
10732
8885
9684
10113
9554
9048
10499
9909
8973
11446
11980
10507
8764
9468
10766
9816
9843
9035
13939
8741
11876
10677
11053
9652
9123
11928
10506
11891
8779
12482
12837
10608
10943
10579
11124
8984
10544
8948
8690
9102
20211
8923
8795
12521
9052
9021
8748
8675
18125
10712
11251
9488
9952
11061
22250
9242
8778
11465
16897
13943
12595
17279
10120
11243
8941
11851
9455
18138
10656
10967
12560
12577
9357
9964
10758
14957
9434
11259
10045
8591
17301
15986
8990
9835
8904
11915
11014
21053
10648
9329
12226
11429
8787
15204
10266
14693
14441
8911
12644
9296
17527
11602
8825
9919
22382
9819
8760
8805
19356
8724
8634
10081
9558
16106
8864
10843
11363
11109
9424
8617
13289
17279
9836
16901
9151
10996
9039
15242
8609
14592
10501
18535
10279
21153
16244
11711
12111
9356
9813
8756
11533
9616
22168
8639
8809
9512
17156
9702
12714
11840
18408
8748
17464
10777
16712
9229
18447
9015
9729
11174
10593
18065
16697
9555
12736
8936
8793
9397
12496
10690
8758
15259
9307
10697
9404
9008
9193
20146
19529
10749
9091
18492
8749
14274
9117
10668
20108
9889
13897
10208
8718
8902
11711
11986
9836
9019
9065
8792
9687
16241
20312
11050
9843
11125
12431
13295
9815
12629
8732
9419
8846
8864
8920
10725
10310
14093
11444
13388
10164
12151
8920
9809
8667
11432
8796
11557
9116
8636
9829
10654
8774
11424
10824
11166
10367
14159
10971
9917
15524
11392
13099
8885
9255
19338
20892
10079
10980
9153
12476
14614
12178
9429
11333
11817
8695
8728
11614
11083
8073
9369
10688
8202
11783
9390
8594
9256
9762
8931
8846
9768
8906
11102
10394
9244
8248
9039
10655
9966
10556
9452
10155
8045
8202
20086
9885
9059
8123
10684
9810
8808
10353
10443
10349
8573
9894
8551
9185
10328
10434
11853
13723
10285
14159
9053
10141
10099
11159
12379
17680
8060
9727
17822
11368
9256
9667
8569
8042
10253
8716
9477
9375
9468
9032
8512
9243
10091
8965
16091
9949
8437
11773
10193
8254
8850
19507
10400
9816
13219
13973
8006
12836
10102
8245
9951
9196
8101
8154
9224
21908
9108
8240
8723
8503
10042
10570
11730
9627
12892
9724
17388
8177
10618
9191
10302
21459
9284
9653
10059
9471
10255
10932
9778
9352
11220
10178
9216
9937
8628
9018
15081
9020
9141
11595
16838
9810
8192
8403
8715
8606
8605
8235
10412
9275
9918
9486
10352
9028
9845
8760
8884
14416
8156
11721
10349
8438
9899
9771
20499
8425
11230
16436
12102
9458
22270
19750
9095
11198
11156
9724
9438
8390
9219
14587
8146
10374
8027
9069
8669
8215
9119
20192
9862
13643
8639
9851
10450
9866
10456
9505
10499
12045
10089
9325
13963
10697
8541
9897
9113
15424
8528
10273
8612
10331
8997
10758
14034
9997
8308
9017
9826
11507
10616
21083
8403
9961
9463
8857
9641
10550
8623
9800
8269
8049
8142
11859
9860
10589
10834
8729
21441
8405
14141
9316
8218
11217
8166
10592
8646
11134
8104
8711
13143
8927
17021
9327
8934
10315
10948
8970
8621
8790
16762
12806
10404
8198
8953
9263
20444
8586
9221
15013
12899
13770
10548
8537
8105
22162
10136
8463
9118
10047
9140
10073
22208
12642
8447
16408
9039
8227
8069
8584
22153
8620
8606
9373
9212
8678
14663
10150
11420
12581
8139
20268
9446
10033
11451
12773
9866
9965
10427
8949
13042
10158
8474
8800
8771
9495
8400
8812
10832
8507
13958
10498
8994
9284
19966
12797
10180
9457
18161
10011
8124
10124
9849
9985
11497
10761
8186
10936
10970
12392
13135
8829
10349
9162
10028
8066
9584
8526
11290
16049
8134
11229
8854
11177
12877
19918
9194
15781
9555
8356
9736
9991
9187
9902
8817
10105
9558
16473
9007
10013
13702
12998
9231
9085
9356
15743
