17065
18251
17089
17840
16278
17655
15127
15736
17749
20176
16333
18172
19347
17148
17090
15385
26432
24216
16373
17473
22238
20931
19149
16985
18687
14315
21900
18062
16531
20491
16456
13784
16351
15837
15561
40112
38153
14540
17144
15470
16182
17717
14675
16803
16187
15186
14238
14471
14891
16623
19219
16550
16818
13378
14801
14458
15607
31139
29902
15787
14431
18801
14397
19309
21038
15075
13820
14044
17982
15158
15798
14096
15619
14321
25891
14261
18610
14373
16161
14162
17025
13247
14906
16955
15858
15510
17670
15136
15614
15829
15864
34720
14413
13464
15414
17154
17576
13965
13499
14300
15321
15002
15043
20864
30335
15069
30805
15221
13484
14255
14875
14053
15589
16999
13735
20256
15003
15027
15167
13742
14273
23248
15121
14482
15769
14105
22649
15296
26536
14082
25563
15029
15347
13381
17474
14533
14435
15613
15606
13331
14344
14475
29315
14487
14270
17984
14045
16592
15942
18923
18364
39112
17979
40636
15589
15495
18293
16828
16428
16575
15873
15358
15254
15989
19108
19592
35463
15462
14806
15753
15053
14719
13269
15051
35562
15723
16965
16157
16967
16369
17470
16211
16730
17153
14465
14034
14277
13834
16396
13577
16046
15290
14005
14890
14055
14037
15381
13836
15101
18338
15351
28857
15414
30223
31088
31240
14038
14132
14353
14185
14196
13726
13748
13957
14003
13302
14615
13999
15821
15925
39746
18873
17769
15010
15411
13409
14750
14211
15795
16265
15233
15068
18711
15967
15831
19042
15250
13960
14615
15373
18593
22501
14453
14734
13913
13441
16726
15811
16209
16608
13855
13957
12942
13995
14428
14726
14453
16673
16822
17205
14943
15108
15292
17429
19706
14266
14290
14624
29392
13870
18213
14319
15653
15940
16001
13456
15006
37817
15450
19999
19218
17480
16466
25630
35990
14277
15844
14798
15230
15100
14386
14336
13762
13229
13109
13681
12962
13722
13580
13828
40667
16119
16635
13606
16975
17421
16750
18394
16038
20982
17158
14970
16887
15260
16990
15206
14722
19643
14648
15461
15320
14944
19784
14926
14315
13007
16719
15054
16433
15499
14921
15865
15838
18051
14179
14454
15154
14571
16441
13555
13833
13489
14470
13373
17352
14134
23996
14072
15166
16646
14219
15282
15584
13704
19250
14565
15025
13530
14980
17225
13839
14137
14170
18420
14112
15163
15966
13770
16810
14869
14187
16321
16619
13894
22805
25944
13992
15024
14104
14669
13616
14437
13973
17018
14995
13823
15602
13767
13756
17266
13055
16196
14874
13288
13697
14268
14052
14508
14172
14307
14707
15468
13846
18224
14309
13349
13071
14407
14600
14966
14344
15960
13319
14223
15210
14115
19558
20635
14323
17522
38737
14119
14528
14537
13633
20643
14268
25471
15502
13863
13042
13862
15658
20266
14684
15489
15437
14082
15887
15742
16769
14175
13781
17322
13771
14168
40414
15675
13751
15817
16346
17446
15498
14557
16220
17637
15506
13828
16153
40944
13380
15001
15515
14692
15425
15735
14590
13737
13959
14057
12788
16333
42360
13904
14191
13581
14607
13501
13371
15836
16385
13675
13270
14195
15160
15467
14046
13207
15024
15309
14411
15521
13724
17766
15867
16515
15103
18661
15237
16257
16322
15897
16315
25241
17515
18090
15569
20508
14609
17382
14441
13858
17161
15703
13604
15600
14300
16187
13493
13814
15784
13930
13028
14921
15051
13301
14680
13594
14864
13260
16607
42263
17061
14673
13838
14607
13859
14667
14002
13999
14194
17613
13965
14036
18934
20402
18999
16075
14455
28035
16251
14993
15545
16894
14727
14215
13669
13591
14004
15191
13951
30779
13011
16729
14028
13114
14600
13192
14788
17725
14483
16878
15088
13767
14306
13226
16089
13497
15991
17224
14447
21938
13620
15342
14512
14234
15671
16909
14845
14172
13548
13744
17160
15604
14390
16062
14266
13593
13248
13897
14166
14549
13895
13381
13972
13329
13196
14397
14395
15198
14358
14936
13984
13718
13835
19064
18500
13373
13883
14072
14887
14897
19533
14721
18966
14055
13595
13736
13537
13260
19843
13747
26708
13686
14179
14061
34553
28299
14732
15992
15219
14899
16566
15328
15082
14146
15430
13465
13904
16987
15564
13907
16189
13513
15975
15378
18055
13322
15090
15581
15252
14779
12934
17257
15659
13030
14718
14772
15328
16244
14276
14716
15277
16246
14320
33183
13088
32554
15002
14035
14165
13967
16007
16725
17127
14944
14938
14120
15346
15068
16407
14659
13721
21812
13977
15684
13622
15649
14646
19779
16423
19696
19869
36850
31186
14959
17464
14989
14274
15349
14032
17577
16133
13682
14020
13427
17433
26889
16969
17911
18046
14342
14431
13598
17364
16000
16298
15357
13436
14508
13926
13818
20740
18605
15932
22237
16371
17655
14368
13837
15876
14911
15080
41894
14816
17371
16372
16710
15817
13192
14392
12953
14564
13957
15594
14277
15768
14011
15182
17204
15676
16700
13583
14331
14024
16883
14175
16747
14100
13514
14090
13972
14463
14216
15163
15424
14725
17919
16080
16655
16427
22874
15671
16969
15834
14605
13014
14674
16565
16441
13128
14134
13797
16005
16112
17039
17239
13859
13187
14538
13478
13490
15135
16530
16337
14438
19315
15789
14744
15619
15527
14256
16013
14249
15173
15051
15282
13901
12887
17177
13989
17329
14064
14253
13561
16385
16800
17148
14476
16628
15229
14312
15528
14200
20521
14556
16407
17382
17624
14665
16116
13343
14667
39764
14755
14773
13406
14451
14114
13756
14412
13549
13060
27812
13702
