4018
5167
4091
4305
4697
4027
4719
5162
3967
5188
4145
4900
4058
3876
3963
4870
3997
4844
4728
4798
4820
4851
4072
5546
4137
4080
4092
4608
4323
4033
5113
4042
4522
5251
4007
4759
4324
4978
5416
9768
3981
5342
4915
4077
4453
4872
5294
5303
4505
4115
5503
5406
5223
3951
4223
4064
4075
4220
4274
4178
4035
5408
4272
4809
4708
4670
4925
13235
4914
5276
4779
5413
4825
4244
4729
4037
4868
4147
4009
4066
4741
5161
3842
4090
5135
4033
5065
4415
4989
4700
4588
4845
4932
4498
5042
4224
5242
5386
5850
4696
4038
4672
5014
5184
4046
4515
4496
4614
3912
5007
4047
5793
4977
4072
4820
4204
5461
4151
5016
4840
4610
4486
4733
4913
5095
4835
4622
4760
5602
7830
5069
3904
5866
5441
5203
4217
4182
3923
4449
4902
4283
8726
4777
4696
5158
5143
4234
4079
3979
5011
4676
5786
4013
4400
5777
5295
4767
5378
5010
4939
4661
4843
5425
4494
4386
5057
4045
4828
5019
4737
3865
4048
4560
4735
4826
4234
5218
5266
4677
4699
3959
4553
4303
4190
5092
4695
4009
3914
5365
4788
4928
4186
4400
4182
4349
5662
4244
5379
5234
4044
4020
4864
4261
4305
4808
4896
5034
5573
4364
4968
5274
3948
4527
5287
10641
4348
5041
4853
5351
4484
4656
4725
4377
4438
3957
4688
4429
4279
5277
4661
5239
4461
4067
4152
4213
3942
4645
4965
4699
4514
4527
5177
4816
4869
4943
4821
5599
4623
4040
3921
5566
4066
4626
4990
5722
5318
4107
4316
5199
5017
5452
4677
4789
4618
4532
4139
3973
4490
4015
4028
4187
5225
5124
4476
5200
4836
4011
4915
4484
4824
4544
4745
4236
5138
4811
5035
4651
6246
4125
5363
4722
3886
4319
3872
5191
4002
4521
5091
5407
3896
4370
4326
4214
3941
5293
4729
4391
4132
5062
4117
5196
3986
4779
4705
4388
5431
3923
4012
5344
4427
5479
4454
5590
4921
5409
5260
4437
5277
4572
4727
5098
4609
4600
4758
11798
5032
4547
4432
5214
5157
4794
4791
4906
4050
4126
4547
4700
4707
4566
4741
5107
4371
4665
4268
5152
4054
4831
5348
4655
4599
3906
4091
4049
4647
3985
4038
5177
5239
4022
4493
5293
4296
4016
5369
5134
4848
4840
5108
4155
4718
4031
4084
4685
3961
4552
4690
4372
4910
4469
4434
5017
5037
5068
4963
4807
5147
5129
4623
4561
4734
4849
4702
4445
4336
5454
5050
4674
4729
4683
5342
4074
5045
3842
4041
5385
4869
5242
4908
3881
4728
4172
4810
4714
4140
4688
5473
3908
5170
3858
4205
5291
5155
5323
5323
4644
5539
4838
4266
4548
4617
4082
4660
4296
4083
5320
4138
4811
5442
4939
5189
5147
4039
4966
4866
11590
4836
4404
4934
4217
4127
4291
4685
11697
4490
4479
4718
5077
4913
5408
5073
4085
4987
4464
4117
5024
4976
4853
4714
4835
3981
5222
4251
5680
5358
4232
4951
5321
4632
4925
4215
4663
3970
5044
4814
4980
4567
4748
4911
4600
4820
4189
5025
5777
4612
5099
4426
4159
4896
4583
5120
4016
4811
4218
4502
4207
5269
4979
4193
4257
4396
4645
4305
4053
4921
5316
5683
4810
4668
5299
4118
5062
4767
4104
4746
5254
4183
4212
5029
4044
5948
3825
4998
4626
4234
4184
5190
4012
5054
3995
4148
5529
4718
5308
4445
4689
4755
4158
4306
5141
4058
4674
4906
4033
5292
4797
4436
5824
4594
4389
4585
4108
5127
4691
5208
4292
4945
5182
4999
4601
4834
4000
4583
4033
4086
5052
13157
3998
4956
4159
4106
4127
3897
4001
5168
4106
4121
4175
4692
4915
4061
5366
4648
5275
4887
4203
4146
3923
6991
5106
4736
4803
4605
5200
4751
5624
4804
3946
4858
4684
4151
5112
4135
4494
4032
5588
4421
4206
4561
5161
4980
5445
4009
4016
4940
4531
5364
4329
4935
4019
4183
5161
4171
4190
4139
4642
5269
4990
4680
5051
4106
4417
4691
4827
4253
3949
4103
4757
4214
5155
5505
5469
5882
4938
4658
4748
4763
4810
5071
3900
3964
4302
60246
4864
5090
5470
5105
3969
4473
4933
4792
5610
4214
5179
4531
4886
5649
5227
5335
4540
4847
4994
4000
4558
4112
4192
4130
4440
4922
4045
4671
4569
4605
4871
4088
4627
4659
3999
4932
4226
9842
5877
4540
4749
5022
4289
4046
4211
4224
4989
5013
5187
4525
3909
4417
4925
4776
4020
60771
4904
4054
5426
3901
4224
4543
4816
4249
4925
4135
5186
4771
13382
5350
5273
4123
4888
4095
3908
4080
4921
4275
4355
4807
4301
4906
5180
4830
10463
4739
4115
4016
4055
4418
5218
4051
4918
5021
4047
4103
4095
4814
3962
4864
3824
4013
3968
4021
4231
4913
4754
4549
5025
5183
4935
3896
4255
4608
5232
5136
5123
4047
4897
3935
3965
4177
3993
5241
5908
4181
4822
6078
5697
4361
5537
4328
5140
4899
4310
5999
5431
5910
4934
5063
4799
6205
5662
3995
6444
4294
4792
5579
4715
4907
5201
4622
4058
5195
5272
3942
5073
6849
5202
4080
5045
4931
5599
4736
5404
5405
6423
5439
5826
5203
4884
6439
5766
4230
4061
5542
5935
5121
5452
4368
5684
6231
4699
4746
5033
5069
4349
5793
4843
4013
5568
5113
6179
5739
4028
4904
5884
5341
5498
5230
4070
5044
5152
4038
5518
5053
4972
6208
5432
4212
3870
5355
3945
4799
5927
5522
7865
5015
5518
5899
5167
4413
5264
6012
4164
4237
4904
4889
5604
4286
5986
5832
4775
4373
5454
5603
5772
5543
4893
5970
4955
4852
4173
5004
6018
4740
4021
3985
5593
4005
5156
4091
5153
5030
4736
4418
4542
4665
5614
4202
5370
5103
4012
4947
4646
4174
5448
5400
4559
5560
6132
4900
4455
5414
5848
4474
4807
4696
5594
6043
4490
4740
4032
4598
4709
4168
5854
5685
5505
5028
4985
4843
5388
4902
5634
4546
4152
5715
4017
4808
5304
4125
5329
4274
4656
5314
4221
6022
5312
4579
5730
5899
5034
4309
4604
5337
5609
4991
5104
5844
3950
5697
4941
5611
5676
4794
5323
5201
4167
6077
4508
6180
4005
4591
4027
4590
5443
5682
5034
5531
5137
4076
5005
5498
4693
4736
3951
4987
4280
5288
6231
5561
4727
6136
5699
4083
5220
5519
4991
4928
4081
5667
4119
5311
4608
5666
4198
4733
4846
4047
4335
5438
6230
5176
4768
6120
5446
4403
5485
4359
5129
4971
5540
5130
4663
5106
5374
5466
5619
5523
4211
5327
4049
5564
4124
5475
4932
5513
4134
4123
4300
4454
4303
4800
5858
5721
5386
4965
4680
3939
4744
5136
4195
4966
5506
5399
4025
3984
4951
5027
5114
6784
4062
4905
5823
5431
6570
5293
5093
4813
4725
4590
5419
5306
4258
5446
4480
4970
5543
4160
4123
4924
4316
5371
6017
4659
5351
4218
3944
4129
5772
4480
5851
5197
5028
4948
4015
5073
4080
6004
4238
6895
4042
4648
6194
4877
6157
4248
4162
4203
5841
5161
5243
4826
5347
6432
5605
3998
4719
5979
5350
5489
4082
5344
4085
5291
5296
5517
5937
5693
5952
5362
5486
5206
4099
4422
5737
4590
4251
5019
4241
4847
5607
5570
5234
4957
3998
5563
4210
5643
4824
4196
4935
4493
5482
5465
4220
5819
4408
4070
4696
5042
4738
4734
4291
4560
4757
4539
8817
3940
4857
6042
4804
4831
5376
4362
4624
5880
4972
4736
5808
5292
4952
3862
4475
4037
4672
4764
5334
4793
4631
4292
4640
5149
5371
5331
3830
4587
5684
5359
4633
3898
5347
5074
4744
4402
5160
6040
5179
4734
4265
3852
5513
5438
4809
3852
4998
4825
4965
4675
5563
4774
5008
4749
4475
4755
5271
5518
4532
4702
5022
5230
4574
4875
5107
4210
5367
4384
4360
4042
5099
5494
3826
4595
4096
5295
4581
5329
4828
5317
4667
5535
4956
4720
4790
5076
4196
5230
4758
4155
4390
4242
4343
4456
5078
4345
3830
4629
3847
4481
4828
4499
4553
4545
4778
5375
4204
4422
4271
4271
4378
4167
5197
4115
4466
4191
5958
4476
5572
5706
4949
4370
4721
5280
4063
4548
5706
5211
4872
4827
4817
4671
5166
5156
4994
4671
4518
4986
4720
5317
4916
5239
5581
4880
5444
3860
4089
4753
4307
4526
5318
4690
3844
4715
4733
5339
4881
5322
5183
4065
3913
4910
4506
4828
4759
4643
3891
4344
3945
4497
5060
5140
4646
4877
5433
4426
4518
5895
4180
4415
4637
4921
4946
5432
4316
4722
5323
4868
5103
4854
5237
4394
5025
3926
5016
4727
4483
3907
5066
4458
5704
4001
4583
4598
4232
4817
4824
5136
4420
4654
5244
4425
4652
5036
4586
4559
5484
4481
4376
4340
4998
5884
4852
4887
5337
3811
3847
4057
4636
4593
4834
4838
4843
5914
4427
4446
4549
5493
5502
5177
4175
5343
4607
4357
4949
4438
5887
4852
4821
5248
4199
4889
4365
4688
5350
4492
4699
8569
4070
4732
4143
3821
4980
3955
4585
5861
4725
3794
4907
3987
3911
4465
4196
3834
5085
4643
5020
5499
6576
4520
4196
5514
4259
4664
4900
5093
4379
4815
4341
5315
9707
3815
4736
5758
4545
4617
3929
4994
5392
4078
4618
4342
4950
4601
3839
4300
5462
4424
4910
4693
4922
4409
3864
5036
4320
4485
4783
4699
4426
3837
3852
5184
3871
4447
5509
4143
4584
4747
3917
4698
5176
4366
4923
4342
5510
4694
4866
4621
5824
4462
4754
5020
4758
4590
4557
4873
5072
4675
4850
4361
5900
5264
5107
12845
4514
4982
4465
3952
4947
4653
5149
5178
5202
5134
4731
4450
4765
4339
4547
5169
4993
4039
4602
5245
5068
4130
4901
5422
4351
4314
4963
4447
5031
4436
5079
4912
5733
5571
4801
3968
3990
4368
4344
4298
5716
4997
4666
6153
4819
4785
4432
5335
4543
3821
4814
4834
5250
4164
4511
4459
5457
4012
6201
4672
5088
4637
4801
4487
6028
4416
4862
5602
4970
4717
4770
4697
5369
5030
4127
4499
4492
4834
4702
3928
4728
5001
4535
4860
4742
4223
4067
4436
4501
4419
5134
4739
4443
4348
4694
4082
4926
4140
4792
4281
4695
4746
4406
4653
4305
5991
4480
4987
4624
4840
4715
3991
4376
4143
5355
5570
4526
4487
4998
4784
4458
4749
4669
4395
4494
4723
4577
4811
4017
5171
4941
4588
6002
3955
4850
4833
6042
4242
5176
5073
4843
5077
4730
4171
4850
4703
4647
4905
4905
5111
3927
4019
5132
5053
3981
5648
4100
4792
4856
4683
4499
4276
4615
4806
5277
4509
4456
4315
4407
3819
4680
4273
4846
4026
4646
4086
5315
3882
4237
4629
4307
4509
6349
5859
4560
5050
4385
4878
4461
5046
4533
4854
4444
4260
5806
11189
4418
11650
5011
4254
4409
4748
4077
4412
3924
4600
5720
5148
4286
4639
4428
4499
4367
4640
4594
3969
4174
4428
4700
5123
5077
4400
4311
4787
5060
4700
4330
4708
4436
4854
5620
4791
5475
4775
4680
4152
4391
4852
4684
4815
4844
5908
4924
5287
4356
4875
4435
5293
4373
3779
4950
5015
3841
5025
4457
5256
4636
4262
4569
4598
4502
5787
4861
5288
3895
4333
4207
5238
4452
4577
4915
4783
5131
5036
3961
3991
4940
5529
5408
3857
5042
4636
3945
4432
5153
5088
4042
3821
4813
4604
3862
4720
4756
4466
3873
4608
4255
4008
5558
3844
4561
4459
4744
4731
5917
3875
4181
4831
5201
4974
5370
4025
4852
4190
4659
4832
4460
4673
4442
4311
4819
5114
4534
4101
4199
5934
4505
5225
4768
4642
4616
4398
5521
4091
5419
4462
4492
5000
3973
4575
4560
3778
4907
4092
4588
4640
5083
4613
4987
3881
4288
4707
4189
4732
4026
5101
4327
4410
4507
4685
4358
5102
4792
4900
4881
4201
4643
4056
4035
4151
4317
5159
4535
5706
4320
4194
11562
4512
4438
4411
4730
4591
4051
4128
4462
4504
5918
4159
4596
4773
4136
3845
3881
5143
4419
5145
3978
4256
4565
5057
4192
4313
5256
4253
6353
4441
5143
3840
5409
4534
3985
10841
5557
4774
4493
5275
4257
3962
5238
4652
6036
4811
4540
4723
4484
4192
4724
5366
4522
5086
4471
5253
4630
21667
4749
4398
4692
5086
4454
5245
3957
4839
5656
5553
5782
6024
5069
14956
4661
5092
5071
5180
4383
4767
4597
4216
3938
4319
4645
4266
5451
4191
4115
5162
4658
4916
3986
4180
4607
10882
4408
6164
5585
4511
4805
3986
5193
4022
4960
5007
5479
4116
4075
4411
4054
3885
4834
5093
5038
4371
5325
5423
4798
4282
4230
6293
4465
4636
4504
5870
5143
5734
5381
4248
4343
3950
4512
4900
4821
5248
5502
5644
5473
4859
5511
5382
4218
4500
5162
4554
4419
5849
13805
4106
4730
4904
4874
5079
4342
4428
4691
5950
4227
4340
5870
5472
6828
4522
4037
5528
5566
4326
4597
4283
5742
4534
4376
5152
4651
3980
4292
5038
8165
4998
13919
5551
4157
4602
4767
4197
4367
4281
6440
5689
4583
4647
4768
4293
4499
4866
4455
3985
4171
4190
4322
5546
5682
4367
4147
4277
5563
5537
4559
4163
4179
5924
5726
4423
5469
7378
4343
4151
4900
5087
4771
4079
5621
6336
4858
4783
4796
5486
4382
5626
4211
4174
4077
4779
4160
4437
4625
4105
5286
5105
3885
4084
4679
5409
4665
4825
4445
5051
5229
4317
4549
5326
13984
5949
7078
5286
4653
4754
5649
8121
4146
5611
5005
4270
5070
6080
4084
4471
4065
6085
4179
4486
5919
4053
4856
5872
4116
4164
4548
5758
4645
4546
4280
5307
5500
4871
5625
4667
5246
5495
5895
6644
4709
4778
4997
5555
5535
4449
4745
5107
4577
7113
4869
5486
4920
4085
5855
4845
4419
5368
4306
4231
4999
4082
5066
4253
4251
14844
4040
4489
4230
4035
4387
4494
4570
4706
4045
4243
4219
3973
4342
4197
5228
5006
5317
5386
4432
4272
4635
6185
6083
4884
4460
5277
5366
4569
4923
5156
4261
4686
5145
5028
4301
4898
4863
5288
3895
5801
5962
6131
4407
6104
5455
4254
5442
6673
5236
5418
4905
4204
4071
4821
4833
4488
5946
5197
5601
4122
6007
4152
3970
4081
4887
4878
4165
5226
5894
4905
5069
13744
5320
6041
4056
6072
5451
5347
5390
4989
5060
4759
4899
4748
4517
4976
4471
5393
6605
6036
5269
5443
15509
5653
11967
4042
4582
4188
4552
4107
4523
4261
5539
4310
5057
5609
5778
4962
4364
4626
5239
5138
4224
6177
4903
5125
4781
4525
4939
4338
4494
5543
4978
4112
5452
4696
4592
4430
4461
5366
5282
4695
5416
5143
4588
7662
5061
5018
5226
4417
4212
4879
4380
5305
4672
5511
4481
4340
4919
4185
4907
4471
4957
5205
6143
4386
5669
5600
5840
4040
4491
4917
5908
4686
3829
4056
4474
4217
5061
4589
4922
3946
4375
4369
4502
4099
4259
4760
5102
4887
4607
4404
4944
5165
4628
5163
4494
3906
5163
4532
4095
4903
4451
4688
3988
3814
4500
4906
4701
5117
4546
3973
4862
5305
4534
5061
4255
5003
4937
5363
4115
4419
4193
4192
4949
4630
5933
4813
4727
4277
4244
4622
6467
4582
6462
3965
4253
4500
4905
6310
4558
5358
4646
3866
4786
4473
5080
6188
4251
5501
4725
4512
4247
5088
4397
4182
4761
4097
4693
4806
4650
4794
4963
4702
5605
4771
4087
4658
4128
5418
10503
4275
5075
3803
6579
4809
5903
4328
4387
6428
4594
6331
4163
4843
5048
4461
4500
5429
5365
4668
5633
5235
5114
4468
4437
4636
5424
4785
4242
4110
4166
4636
4225
4772
3846
3833
5888
5101
6309
4052
4738
4210
4387
3962
4510
4829
5430
4693
6175
6127
5907
4017
5273
4161
4345
6140
4977
4029
5579
4434
4653
4550
4401
4764
4344
5939
5419
4586
5096
4139
4449
4071
5375
4359
10296
4818
3940
4465
4780
4901
4695
4756
5009
5094
5286
5945
4029
4936
4453
4751
6055
3804
4497
4934
5287
6546
3866
5101
12402
4273
4147
4926
4801
5604
4135
4923
4765
5090
4832
5132
6039
4764
4521
4440
5970
4491
5874
4700
4577
6494
4173
4964
4029
3831
7353
4041
4182
3815
4313
5492
6816
4902
4499
5566
4599
4803
4181
4521
4653
4109
4408
4270
4848
6367
4635
6165
4654
4260
4788
4756
4565
4492
4185
4483
4812
3983
4964
3897
4034
4170
6176
4322
4326
4475
5077
5284
4786
4260
5386
4824
4092
4708
5438
5872
4589
4712
4644
4556
4759
6796
5118
4054
4760
5516
3890
4263
4527
4646
5412
4118
4204
14136
3814
6367
5324
5347
5800
4758
5279
3926
4674
4222
4336
5269
5012
4559
5083
4742
4473
4236
4592
4236
4148
4232
4972
5037
4646
3909
4940
4166
4858
4781
4777
4049
6087
4771
4235
4925
4903
11525
4943
5709
4105
5790
5223
4336
4607
4326
4702
4606
5133
5123
6294
5105
4192
4551
3993
4835
5903
4045
4839
3996
4451
13312
4097
4665
6408
5968
4997
4797
4307
5261
5136
6433
4365
6269
4479
4217
5008
4577
4920
4298
4103
4205
4907
4751
3804
3917
4098
3819
6389
4504
5566
5827
5183
5127
4834
4337
4971
4740
5986
4463
4019
3854
6709
4432
4016
4134
4887
6015
4916
4414
4409
3919
4610
5490
4468
4089
4302
5355
4650
4007
6297
4650
6005
4308
4753
4631
4802
6085
6302
4494
4718
5377
4729
4720
5234
4703
5198
4955
3905
6397
4734
4197
3926
5346
3837
4807
3891
4935
4221
5013
4238
4698
4956
3981
5032
4405
4564
5640
5239
4403
5227
4243
3917
4010
5320
6650
4699
3811
3989
10742
4072
5983
4806
4458
4746
5356
5220
4865
5068
5334
4130
4432
4792
4384
4216
4411
4656
5231
4745
4064
5033
5201
4482
5471
4723
4273
4601
4459
5288
4564
3906
6156
5851
4421
3901
11427
4810
5367
4248
6023
4902
3940
4077
4159
6088
5133
4913
4685
4129
6356
4126
6581
4022
4986
4269
4159
4774
4606
4852
4247
5028
4083
4233
4401
3898
4583
5407
4829
4304
4364
4567
5658
4468
4505
6690
5900
3962
4653
5264
3953
4008
5201
4598
6865
4537
4684
4922
4435
4084
4063
4207
6873
4727
4746
4696
4904
5252
9685
5718
4484
5157
4908
3999
4598
4391
4737
4839
4922
6211
4063
5159
5583
4621
5033
4279
5694
4485
4700
5849
4245
3792
5571
5521
6584
5114
13324
4411
4284
4328
4101
4749
4625
4161
4792
3908
4677
4263
5358
5528
5395
4572
5456
4769
4612
4517
3989
4655
4203
3962
5192
3905
4153
6647
4252
4144
5521
4887
4826
4791
4901
4585
6663
3999
4587
4738
6168
4226
4471
5216
4238
4752
4825
5429
4721
5351
4161
4297
5283
5989
4089
3953
4492
6127
4706
4514
4931
4417
4546
4331
4454
4400
4880
4370
4516
4535
7031
3996
4906
4235
3898
4967
6279
5474
5266
5186
4681
6383
4856
5539
4758
3880
3982
5557
4584
4912
4261
4583
5336
4204
4171
4371
4169
5041
3990
4383
5660
6478
3897
4880
5013
8252
5438
4368
4717
4690
6371
5347
5029
4428
4344
3958
4922
4866
6138
5017
4291
4374
5067
4650
3942
6039
4981
5125
4190
4648
4690
4595
4646
4333
4398
4500
4439
4108
4471
4940
4280
6265
4547
6148
12554
5203
4510
4566
4987
4800
4166
4805
4009
5168
3972
5023
4948
5687
4271
5833
5206
3965
4488
5546
5523
4494
8456
4882
6014
5202
5306
3886
4865
4800
4007
5275
6163
4571
6392
4178
3987
6610
4388
4601
4960
4991
4451
4885
4437
3835
4847
3834
4233
5268
4076
5658
4764
5265
5339
4221
5632
6772
4264
4571
5149
5753
4052
4938
5742
4987
4736
4557
4506
4758
5246
5811
4269
4161
4061
4368
56907
5067
5193
5696
4445
4682
3925
4106
4652
5265
4417
3839
4040
3923
4768
4202
5031
4111
4900
5166
4955
4933
5423
4984
5361
3955
5406
4915
9075
5210
4154
4157
4330
5667
5721
4204
4280
5053
4099
4860
5370
5160
4787
4749
10267
5958
5192
3858
5072
4864
5420
5941
5005
4754
3993
3807
4925
4872
4535
5173
5177
5594
4602
5773
5592
4912
6697
3971
5496
4383
4726
4926
4923
4641
4477
5178
4384
5301
4813
6360
5533
4306
5340
4181
4252
5487
5721
5177
4389
4603
5413
4930
4216
4372
3896
4144
5479
4687
5276
5335
4849
5671
4469
4302
4310
5343
4082
5571
4523
3884
4284
5601
5470
5876
5093
5471
5038
4961
4554
5030
4579
4520
5542
4649
5352
4536
4196
4969
4138
4939
4123
5135
5532
5252
4391
3990
5437
4466
4789
4254
5341
4230
4670
3923
5345
4117
5335
5234
4446
5491
5454
3874
3853
3997
3925
4159
6004
3893
5964
4733
5120
4509
4735
3957
4071
12018
4680
5318
4183
5372
4752
4356
4654
5957
3878
5144
5549
5139
3861
5204
4473
6135
4608
5455
3983
4322
4793
4114
3976
4234
6994
4684
4406
5711
3813
12382
4871
5518
4959
5460
3921
5479
4372
4030
5631
4275
4202
5615
3985
5526
5020
5363
5675
5115
4598
5284
3984
5122
3991
4630
5275
4650
3885
3846
4616
5164
5130
5424
4446
4013
4466
5041
4046
4346
5513
5382
5003
4059
3943
4451
4239
5417
5628
4839
5424
3865
5402
5243
4030
3919
5769
3920
4699
4921
5036
4943
5034
5441
3914
4846
4246
4004
4705
4430
3918
3893
4364
5021
5482
5188
4428
4588
4868
5153
4639
4750
5434
5020
11229
5171
5339
4440
4302
5415
3889
4602
4247
3824
5623
4640
4381
4404
5282
4807
4136
4808
5756
4765
3886
4971
5761
5297
5871
5152
4792
3951
5413
4813
5312
4108
5026
5141
3901
4411
5322
5062
5871
4873
5698
5241
4997
5608
4212
4990
7115
5228
4518
4357
5439
4182
3994
5392
5231
4131
4513
5651
4012
6183
5356
5576
5171
4578
3810
5265
4294
4143
5332
5065
4661
3971
5495
3946
5448
4124
4616
3866
5248
4690
5611
4767
5440
4444
4059
4452
5597
4452
4589
4423
4162
4471
4279
5208
5278
5355
4596
4482
4669
9764
5725
5752
4472
4565
5027
4717
4083
4075
4285
4555
4816
4915
4972
4980
4480
5196
4468
5434
5443
4200
5820
4826
5321
4580
5369
4127
4920
4332
3977
5828
5005
9977
4543
4591
5657
4300
4726
5153
4616
4356
5136
5456
5905
4915
4430
4499
4639
4923
4502
5538
5594
5063
5034
4285
4600
5221
5481
5463
4438
4959
4598
4496
4555
5124
4578
4907
4008
5156
5108
4825
5508
4882
4850
4859
4546
4168
4785
4775
4688
5350
4214
4509
4748
5481
4121
4695
4828
4920
4213
4558
4502
4374
5168
9108
5130
4234
6066
4642
4479
5924
4596
4992
5018
4435
4635
4578
5075
5753
5238
4245
4822
5904
4687
4598
4890
5835
5526
4424
5493
4523
4376
4283
5512
5239
4825
4588
5003
4795
4567
5942
4902
4541
4717
4519
5509
4302
4953
4627
4725
4891
5127
9780
5800
4639
5170
5471
5111
4476
5570
4539
5259
5023
4743
4213
5431
5452
4610
4155
4898
4622
4637
5491
4241
4445
5482
4991
5788
4752
5696
4790
4260
4896
5458
4819
4314
4611
4561
5427
5465
4195
5030
5139
5584
5217
4457
5787
4495
5474
5394
5937
4643
4170
5424
5745
4375
4397
4869
4716
5483
5011
4309
5770
4417
4657
5427
4628
4418
4308
4842
5234
3957
5494
9828
6011
4629
4490
4251
4611
5548
4706
4997
6017
5218
4417
5443
4139
5786
5036
5120
4392
4206
4301
4167
5717
5177
5378
4498
4397
5356
4183
5813
4891
5175
5163
5721
4847
4118
4513
5202
4874
5092
5198
4598
4153
5496
4652
4557
5166
4289
4403
4517
4637
9984
4067
4795
4760
5442
4993
4645
6301
4249
5548
5512
5071
5506
4936
4697
4694
4075
4792
5358
4241
4536
6343
5422
5362
4938
5177
4559
5206
5214
4414
5376
5556
5959
4876
4612
5447
4245
4228
4909
4363
5632
5491
4814
4911
5767
4643
4153
5734
4463
4408
5251
4711
4324
5689
5180
4734
4703
5801
3984
4173
4149
4230
5360
5401
4277
5679
4895
5502
5271
4560
5147
5566
5198
4431
7967
4990
5138
4374
4395
4209
3959
5114
4393
5321
5747
4602
4451
4852
4626
5582
4265
5870
4146
5178
4634
4452
5383
5953
5327
5555
5451
4407
4886
5366
4520
5472
4532
5458
5624
4093
4338
4403
4082
4792
5381
4946
4159
5515
5532
5220
5595
4548
3984
5189
5303
5027
5494
4866
5417
4787
4052
5024
4861
4005
4442
4547
4234
4034
5156
4625
4176
5047
4457
4554
5717
5571
3835
3900
5582
3945
3828
4495
5397
4606
3830
5480
4909
5944
4024
3802
4666
3858
5586
3998
4067
5106
4458
5521
4700
5332
5335
5605
4651
5511
4835
5789
4885
5542
5312
4855
4679
5240
5390
5333
4834
4630
3807
5858
5138
5677
5595
4778
4781
5076
4803
5331
5794
4727
4233
5240
5698
4972
3973
4527
4723
5988
3880
4452
5379
5442
4959
5925
4521
3903
5753
4230
4444
5634
4308
4805
5539
5596
3827
4254
5601
5237
4544
4863
3837
5362
4937
5938
4872
3866
5874
5217
5217
3806
5392
5349
4470
5546
4018
5374
5431
3825
4975
4489
4902
4130
5290
4020
4679
4057
4063
3836
5484
4177
4590
5187
4760
4155
5740
5834
3868
6099
4332
4976
5090
4710
3799
5471
4618
5639
5713
4936
4916
5181
3826
5794
5099
4930
4675
3801
4679
5759
3974
4032
5422
4106
4997
6104
4933
5432
5379
4084
4339
3922
5516
5016
3871
5547
3877
3914
27613
6173
5492
4902
4834
4107
4647
4628
3921
5465
3840
5902
4729
5476
4830
4769
5238
4364
5149
4818
5601
4201
3830
3998
5705
5052
4888
4062
5395
5768
3921
5522
4258
6695
4333
5374
5728
4869
4129
5127
6073
5828
5407
5640
5573
4948
4027
4332
5391
5173
4596
4516
3865
5423
4947
5270
5821
3996
5135
4601
3929
4424
3892
4951
5100
6044
4623
5502
5429
4790
5035
5484
5318
4477
5744
4226
6216
4588
5735
4376
4967
3980
4952
4220
3963
5163
5093
5505
4175
5798
6540
6032
7402
3870
3811
5366
3841
4211
4932
5070
5255
3827
5230
4617
3810
4517
6491
4949
4448
4620
4502
5296
4077
4007
5410
4092
5464
4951
4501
3821
4033
5234
5502
4869
5730
5576
5252
5011
5507
3842
5849
4255
4855
4523
4066
4522
27589
3857
5511
4061
4813
4494
6044
4815
5504
5248
5384
5764
4024
4052
4820
4988
5009
5360
4842
3876
5185
5281
3832
4961
5756
5768
3831
5869
4057
3921
5586
3860
5404
4708
5396
5071
4067
5599
3886
4567
4334
3901
5434
4962
3849
5647
5676
4037
4666
5078
5836
4920
6318
4646
4193
4842
4681
4952
4767
5338
4821
4013
5206
4749
6018
5348
4348
4856
4093
4863
3848
5202
4307
5781
5416
4687
