12482
21415
25531
14530
27034
8608
9925
11943
7625
25674
53138
12070
9916
22447
7033
40875
33149
22906
15393
27738
41412
21444
7342
9513
29271
14889
3556
28035
36307
36142
18659
29639
5612
23583
38905
28360
55701
32679
29536
5560
32029
35017
12887
8219
14875
6034
11546
16572
47435
4880
16405
16443
30883
34593
6032
30774
16808
21459
28184
14873
29645
18776
11385
39839
11407
25047
9901
11318
14765
30124
11639
36697
23766
22158
44889
30785
35385
26897
13146
7097
1632
45140
29519
23240
21811
6005
34166
16379
14109
63076
30732
12862
12445
12353
56421
17541
12072
22261
29440
13179
32679
21172
20567
16249
18431
13859
32676
20130
9173
11803
29026
17331
18139
31319
12027
25433
25597
26352
4713
18566
24577
7352
9887
8604
45493
15168
28653
22307
14459
36186
12116
3479
7352
14043
25019
26811
16740
33982
32304
4550
15646
27973
14465
13356
18056
16765
31799
20939
25980
32362
