5732
17362
38106
37506
73641
8369
45151
43977
18807
35975
17227
29660
16409
55521
38907
15064
55236
14987
42040
32498
26337
13785
9902
18254
54909
35700
45225
41023
33951
66755
29618
40584
55314
44411
13924
16844
15504
26333
22721
21252
43734
32101
44705
3585
21951
15548
24504
33956
38469
46335
17879
16280
47875
19172
8243
16152
21439
26634
26143
25512
9602
39033
28939
20526
21215
33231
15667
61857
53562
35360
23472
57677
26519
37946
32759
29686
12870
30012
12650
56133
21784
16372
21297
26913
33690
43911
38904
12445
16172
29281
40859
28811
22138
39839
38927
63985
30604
5530
6602
27700
65434
16526
36242
21515
60345
50610
28740
20689
32139
20154
26028
42346
21045
64261
66324
25717
35813
60524
11272
9891
45532
89420
11788
9600
24863
10657
7930
28277
42970
15796
45741
21386
33012
5287
11205
47126
20115
27837
22067
17219
19385
67419
44627
36031
9567
14254
18071
29591
3929
36260
