72904
55483
78463
53632
78330
74614
67274
53372
77284
75913
80176
56318
73355
70066
74287
79455
72167
52725
79079
50713
76612
78495
76014
60617
78732
78766
67382
77012
73857
56104
74378
71292
73869
66319
52857
76836
62690
48124
74044
70415
69816
70608
48868
72099
68944
72313
66656
67239
48210
69696
73874
47829
70819
63699
74056
51185
62641
70023
49719
64379
66455
70314
49136
72030
71727
68449
69621
69653
46888
64942
73504
64665
67323
73840
66530
61878
49611
65768
64747
49606
73503
68014
63384
50457
66214
63958
69734
74892
68793
76537
49206
71747
67643
73466
51172
66990
68654
71612
70626
67345
55319
65257
66346
65236
66379
69773
50687
62172
64096
49823
73641
69552
48755
72534
62675
68331
66382
73152
61793
48378
74564
64659
47831
68744
69540
67640
65059
52395
67241
68427
48011
67802
69314
67023
49852
68952
71616
66044
62516
48631
68830
64535
47701
64521
69798
50145
67223
67370
49633
64843
64934
64764
67518
67907
47397
64369
65428
66665
54722
70165
65370
69242
51761
65759
72630
67265
68205
48392
67252
73887
71893
50216
75568
66901
68655
53707
53055
63838
65895
72819
74895
66347
48613
69337
66679
73439
49521
68954
67929
47583
69760
70769
69490
69583
50997
66729
65544
65791
67857
49735
65942
51283
62822
64032
47221
66730
75247
66335
69189
49220
70057
67959
49376
70720
64547
69720
68489
51152
64840
69269
71427
68484
48291
68247
63656
51721
63649
67608
63878
66891
47512
67047
65578
48626
70146
65555
69714
67208
51826
67473
52236
65231
67311
66545
68566
67760
69997
48354
66819
67263
48928
63954
65859
67188
49183
64987
54282
69195
74618
66545
49248
63637
72364
68398
49988
73074
71301
67905
70540
46831
68367
69518
65601
51336
72202
67843
67502
50877
67990
69272
63458
64886
51328
67069
65332
70669
47761
67915
64579
49429
63953
65714
64064
71982
47435
66262
66734
49285
67637
67369
69843
55938
71672
69268
74618
64656
72180
54571
55012
74882
63511
64940
75662
47924
64197
65643
65533
73241
48005
70176
66314
67033
48236
67200
63917
69252
64400
50151
67132
64546
68412
50689
67624
65988
66917
48836
64132
50158
67792
64176
49975
68055
66450
69145
52150
65007
64739
71303
63033
52947
69589
73239
69190
67261
69271
53398
64588
70461
47008
68099
70702
62959
68428
51184
63246
48839
72157
69987
68258
71022
48098
64636
63903
49970
69131
71474
62891
49891
65393
70982
67804
68760
69445
55838
72745
67912
71490
52138
69798
64549
76119
71290
55019
66884
71273
73001
47924
65286
66821
70263
70965
66130
47823
50786
68801
69158
72994
75480
47171
66187
69854
52222
66235
68995
66226
67527
70736
54474
63197
72912
52356
70890
62776
52991
67013
66608
67253
50531
69483
67828
71096
72406
67293
49063
64503
48633
68653
71063
65525
65812
52732
69458
70765
66662
62025
47295
63575
67713
66787
47892
65473
68593
71498
51955
66303
68121
49637
62608
66532
69143
68788
67764
67646
64516
64990
52642
64984
69251
67706
65008
63361
50911
67370
67876
49879
68741
66820
64570
47581
62359
68226
67497
67928
51838
63021
63206
68838
65259
52225
62592
62273
55048
70028
73161
64281
71556
56851
72889
51740
67958
68397
64280
74078
54019
63521
65921
50946
77007
67655
64683
67286
68066
47133
72531
64042
49136
64164
68375
64414
66227
50167
70312
62868
52269
66036
71807
67213
66411
49345
64503
66422
66022
47708
73042
54364
68911
68988
72606
64814
68855
52525
68605
64828
48364
65019
69692
50993
68024
67040
47494
66269
73243
66445
62919
67712
66759
48076
63914
67691
49398
65486
50302
63889
66650
70930
66243
67247
68945
67492
69868
48621
66503
63304
49528
68206
68795
64424
47920
70614
65203
67731
65214
48868
68618
69553
47888
66592
66938
51194
72473
65590
67160
67334
49137
75736
65665
67325
69920
51920
74203
71206
68511
65178
48334
67432
69116
68270
50256
68811
68374
48735
64666
71837
50428
65976
65992
49372
64892
70481
66505
66606
68183
64335
48654
66345
67311
64068
49666
68779
63948
64707
64976
48971
68428
65671
69841
66703
53688
64076
67896
64554
65429
49955
52026
67779
66899
66579
50221
64011
62117
63053
66639
49419
67669
66756
64533
49081
72741
69634
67173
64592
65017
52206
74039
65662
64981
71164
66012
68097
49060
65997
69353
67729
47197
66990
71037
47949
67819
74959
68066
51936
65314
69281
68905
51477
67181
69869
52823
68573
69856
49695
65036
70753
70333
63972
69936
46739
70327
48006
67100
66389
66137
54500
74770
68769
64676
49259
66116
70845
66717
64932
68255
56903
70913
71030
62789
55394
72702
51507
70773
78364
64025
48707
64228
70938
62270
70792
66039
71771
72063
68315
65376
49739
67574
69412
50392
68505
68952
65275
65577
47297
68473
64125
46849
70995
67035
65089
49742
72025
68065
66161
54420
70943
51554
63002
69844
64150
48693
69634
70177
64483
67372
66515
76617
49907
68347
70554
50346
68473
68894
69922
51975
69430
48165
70432
66690
65930
69492
50455
71273
68804
70546
49937
65705
66686
70126
64444
51026
69925
67856
49132
70477
65508
65101
49020
64062
66265
68917
68361
53477
72603
63203
64950
49955
67502
65478
70340
52128
64831
67446
47283
70499
71450
47851
68082
63000
70637
64121
51604
69427
65279
68483
67279
48168
64656
70567
66893
67234
48963
67001
49140
68553
68533
69198
66373
54056
65770
66824
49485
68310
68580
62762
52431
70755
64490
67040
51517
67927
64691
70319
66526
47140
63769
65330
49854
66904
70966
62790
69960
66135
48253
63138
70526
64970
51245
50608
66088
66642
64862
51063
66285
67540
64756
65542
47417
67332
64702
65401
47346
63947
66643
71826
49100
68974
63507
74356
67671
65490
52623
68284
72062
66190
48591
69788
63325
69846
46699
64532
64986
71910
76113
62816
49900
72532
64482
62991
69681
49676
65446
48890
67119
64158
